Timestamp	Iterationer	Rumtemperatur	Slush Ice temperatur	Brinetemperatur	Motortemperatur	Temperaturen efter fordamper	Kondensator luft	Kompressortemperatur	Temperatur efter EPV	Temperatur efter kompressor	Temperatur efter kondensator 	Tryk høj	Tryk lav	P1 Temp	P1 Tryk	P1 Enthalpy	P1 Entrophy	P1 Quality	P2 Temp	P2 Tryk	P2 Enthalpy	P2 Entrophy	P2 Quality	P3 Temp	P3 Tryk	P3 Enthalpy	P3 Entrophy	P3 Quality	P4 Temp	P4 Tryk	P4 Enthalpy	P4 Entrophy	P4 Quality
	0,000000	0,000000	14,740771	-9,076119	26,164793	9,843793	23,957779	36,599194	9,385428	25,498614	25,238107	-6,250000	-4,250000																				
	1,000000	25,573162	14,641358	-9,095240	26,156584	9,800944	23,932088	36,589648	9,395675	25,482576	25,243111	5,777691	-0,623464																				
	2,000000	25,412831	14,551057	-9,067487	26,149136	9,782441	23,962891	36,573494	9,420303	25,507146	25,235175	5,775982	-0,611830																				
	3,000000	25,524350	14,521329	-9,085818	26,153790	9,754015	23,936488	36,560249	9,407531	25,495118	25,230179	5,779399	-0,601254																				
	4,000000	25,364064	14,458159	-9,081486	26,143634	9,724484	23,956226	36,540757	9,437804	25,503160	25,230934	5,777691	-0,592792																				
	5,000000	25,684785	14,482102	-9,070833	26,141279	9,667544	23,940518	36,552240	9,441230	25,486661	25,241176	5,777691	-0,581158																				
	6,000000	25,691764	14,517936	-9,073889	26,134607	9,648461	23,931190	36,552520	9,456230	25,479053	25,235917	5,774274	-0,572697																				
	7,000000	25,489492	14,585019	-9,062183	26,128470	9,609038	23,942767	36,540036	9,473285	25,490590	25,235277	5,777691	-0,568466																				
	8,000000	25,621988	14,691916	-9,067802	26,131221	9,604278	23,936473	36,565701	9,475348	25,504439	25,251255	5,774274	-0,566351																				
	9,000000	25,426767	14,783965	-9,079969	26,152914	9,581836	23,940232	36,605940	9,491162	25,489469	25,240415	5,779399	-0,563178																				
	10,000000	25,761569	14,895358	-9,049064	26,165115	9,604076	23,940887	36,624985	9,506082	25,488872	25,224782	5,782816	-0,562121																				
	11,000000	25,482522	14,944568	-9,096804	26,190320	9,563174	23,934122	36,638772	9,515257	25,488465	25,229504	5,774274	-0,566351																				
	12,000000	25,796482	15,006756	-9,079198	26,221349	9,588092	23,946568	36,676305	9,513219	25,482123	25,240748	5,777691	-0,562121																				
	13,000000	25,677807	15,056095	-9,073710	26,229530	9,585078	23,937611	36,687412	9,530974	25,491957	25,249792	5,779399	-0,564236																				
	14,000000	25,433735	15,144911	-9,048473	26,269768	9,563610	23,945471	36,702367	9,549640	25,482088	25,238050	5,772565	-0,564236																				
	15,000000	25,621988	15,235216	-9,068019	26,266665	9,562238	23,944189	36,683301	9,531303	25,499712	25,220201	5,775982	-0,562121																				
	16,000000	25,580136	14,643727	-9,056669	26,294139	9,560130	23,952862	36,664996	9,528455	25,485469	25,236921	5,774274	-0,562121																				
	17,000000	25,601061	10,179225	-9,060981	26,313094	9,555872	23,929421	36,657161	9,559685	25,494956	25,226780	5,777691	-0,561063																				
	18,000000	25,350133	8,949953	-9,043608	26,308990	9,561190	23,939902	36,656423	9,563457	25,482430	25,229077	5,775982	-0,564236																				
	19,000000	25,712702	9,179608	-9,065323	26,310569	9,568224	23,946495	36,660677	9,565915	25,485640	25,235764	5,781108	-0,565294																				
	20,000000	25,580136	13,352274	-9,082755	26,338535	9,586427	23,946594	36,644762	9,562490	25,492004	25,240329	5,777691	-0,564236																				
	21,000000	25,371029	15,449427	-9,062980	26,333712	9,557221	23,938391	36,676205	9,566305	25,486871	25,236444	5,779399	-0,563178																				
	22,000000	25,663850	15,082309	-9,060223	26,361791	9,539943	23,947306	36,664205	9,591772	25,506351	25,222955	5,775982	-0,563178																				
	23,000000	25,615012	15,371756	-9,050826	26,371861	9,534864	23,931370	36,626757	9,588616	25,494578	25,246178	5,775982	-0,563178																				
	24,000000	25,405863	15,308513	-9,045367	26,356629	9,546186	23,930800	36,624099	9,584016	25,483564	25,233273	5,775982	-0,564236																				
	25,000000	25,391929	13,397739	-9,064486	26,367855	9,531261	23,934731	36,604412	9,577495	25,487992	25,230736	5,777691	-0,563178																				
	26,000000	25,573162	14,213892	-9,065004	26,374708	9,562730	23,924804	36,571472	9,589127	25,501921	25,222256	5,774274	-0,561063																				
	27,000000	25,649895	14,134631	-9,043600	26,355923	9,574273	23,928421	36,558685	9,610396	25,478262	25,225031	5,775982	-0,564236																				
	28,000000	25,803466	14,723166	-9,051512	26,364554	9,551298	23,930657	36,574762	9,597389	25,486717	25,227728	5,774274	-0,564236																				
	29,000000	25,587111	14,380809	-9,060894	26,369349	9,559790	23,928093	36,548294	9,597901	25,486779	25,228741	5,772565	-0,563178																				
	30,000000	25,433735	14,112055	-9,067104	26,370899	9,559165	23,918181	36,554706	9,597280	25,505849	25,229673	5,772565	-0,564236																				
	31,000000	25,768551	12,623090	-9,070297	26,352734	9,546250	23,917240	36,556183	9,597658	25,487323	25,215789	5,775982	-0,563178																				
	32,000000	25,663850	10,321093	-9,041480	26,377005	9,535901	23,914719	36,550552	9,617180	25,482395	25,220862	5,774274	-0,563178																				
	33,000000	25,503434	10,161649	-9,030539	26,363368	9,556746	23,915944	36,542377	9,618263	25,487512	25,214269	5,774274	-0,564236																				
	34,000000	25,503434	9,317899	-9,064194	26,364764	9,574005	23,909948	36,546233	9,618051	25,483225	25,222466	5,774274	-0,564236																				
	35,000000	25,357098	6,120263	-9,051138	26,355356	9,560661	23,912483	36,511457	9,598012	25,488801	25,243921	5,774274	-0,563178																				
	36,000000	25,419799	13,736196	-9,054694	26,380276	9,565630	23,907284	36,505575	9,618787	25,477234	25,210100	5,777691	-0,564236																				
	37,000000	25,621988	14,623157	-9,063311	26,387440	9,570140	23,895449	36,527326	9,614590	25,489746	25,220344	5,775982	-0,563178																				
	38,000000	25,740624	14,832703	-9,024809	26,398214	9,533563	23,909106	36,525742	9,607315	25,497198	25,217266	5,775982	-0,562121																				
	39,000000	25,663850	14,906290	-9,037443	26,392305	9,542619	23,895548	36,538243	9,616306	25,486157	25,219741	5,777691	-0,564236																				
	40,000000	25,545268	14,856633	-9,032148	26,409158	9,564039	23,903495	36,517698	9,614190	25,486875	25,222372	5,772565	-0,563178																				
	41,000000	25,761569	14,714806	-9,052790	26,417943	9,548949	23,887558	36,531839	9,622592	25,485228	25,223170	5,774274	-0,564236																				
	42,000000	25,531322	14,411671	-9,029836	26,409354	9,563991	23,890548	36,534276	9,625834	25,489997	25,225355	5,774274	-0,563178																				
	43,000000	25,454642	14,116428	-9,053832	26,418210	9,568292	23,878015	36,579098	9,625579	25,492930	25,217493	5,774274	-0,563178																				
	44,000000	25,559214	13,487103	-9,063796	26,434851	9,535525	23,888155	36,525434	9,625105	25,482372	25,209616	5,775982	-0,565294																				
	45,000000	25,412831	13,096492	-9,033041	26,428660	9,563055	23,896714	36,552577	9,619625	25,479489	25,199839	5,774274	-0,563178																				
	46,000000	25,775533	13,053907	-9,037136	26,426079	9,561933	23,873926	36,520083	9,613607	25,488782	25,205478	5,779399	-0,562121																				
	47,000000	25,405863	10,343871	-9,044092	26,424809	9,556775	23,868571	36,511372	9,618670	25,468914	25,202025	5,774274	-0,565294																				
	48,000000	25,705723	10,193467	-9,023414	26,410170	9,563613	23,874339	36,529475	9,635266	25,487352	25,217531	5,775982	-0,563178																				
	49,000000	25,517378	9,582338	-9,050953	26,399325	9,566211	23,881161	36,556386	9,611443	25,472238	25,198176	5,774274	-0,564236																				
	50,000000	25,789499	6,260512	-9,036941	26,384418	9,571585	23,860551	36,560504	9,617533	25,470058	25,213269	5,775982	-0,565294																				
	51,000000	25,454642	12,053249	-9,030257	26,360951	9,575004	23,872586	36,550898	9,619042	25,498661	25,204486	5,772565	-0,565294																				
	52,000000	25,594086	13,231897	-9,034239	26,326623	9,582583	23,865322	36,555314	9,622042	25,489650	25,198752	5,772565	-0,566351																				
	53,000000	25,726663	14,081695	-9,037816	26,319938	9,571611	23,852646	36,550184	9,609261	25,496963	25,205804	5,772565	-0,563178																				
	54,000000	25,663850	13,855710	-9,023631	26,297908	9,565349	23,849470	36,564414	9,610964	25,476958	25,198788	5,774274	-0,561063																				
	55,000000	25,747605	14,110591	-9,032731	26,276907	9,577867	23,875661	36,556269	9,609815	25,456871	25,184271	5,772565	-0,564236																				
	56,000000	25,775533	13,978260	-9,048857	26,241788	9,591995	23,855565	36,567794	9,612906	25,463030	25,213926	5,772565	-0,563178																				
	57,000000	25,719682	10,671647	-9,018640	26,222000	9,574547	23,862059	36,565602	9,628018	25,489770	25,187461	5,775982	-0,565294																				
	58,000000	25,824418	10,477635	-9,022059	26,169855	9,583664	23,868098	36,564493	9,619343	25,481216	25,184285	5,772565	-0,563178																				
	59,000000	25,761569	9,951281	-9,017522	26,143182	9,589375	23,854125	36,567831	9,631048	25,473421	25,203182	5,772565	-0,563178																				
	60,000000	25,775533	9,110026	-9,031068	26,101740	9,607773	23,859495	36,558756	9,602924	25,458546	25,199668	5,772565	-0,564236																				
	61,000000	25,621988	8,291527	-9,045960	26,069889	9,589173	23,859366	36,583521	9,601051	25,467283	25,187814	5,774274	-0,564236																				
	62,000000	25,817433	7,530912	-8,991776	26,037629	9,575646	23,852159	36,540809	9,595163	25,472165	25,187640	5,770856	-0,564236																				
	63,000000	25,719682	6,849036	-9,003319	26,021054	9,596900	23,831164	36,565175	9,611741	25,465755	25,198435	5,772565	-0,564236																				
	64,000000	25,649895	6,246876	-9,021486	26,016455	9,601423	23,855036	36,556274	9,635845	25,480956	25,178314	5,772565	-0,561063																				
	65,000000	25,712702	5,731019	-9,055186	26,007539	9,596362	23,849737	36,560588	9,621391	25,463301	25,195751	5,772565	-0,563178																				
	66,000000	25,454642	5,249998	-9,037380	25,997947	9,599518	23,828016	36,569938	9,614341	25,465611	25,180408	5,774274	-0,562121																				
	67,000000	25,405863	4,843282	-9,021324	25,994660	9,621213	23,833029	36,581803	9,591376	25,459621	25,186305	5,770856	-0,561063																				
	68,000000	25,761569	4,460430	-9,043544	25,996790	9,601517	23,834069	36,557474	9,600861	25,467453	25,189509	5,769148	-0,564236																				
	69,000000	25,691764	4,111666	-9,034534	25,962439	9,619701	23,846602	36,555580	9,631742	25,474820	25,181018	5,772565	-0,566351																				
	70,000000	25,691764	3,799781	-9,019871	25,982456	9,603521	23,824782	36,550926	9,626613	25,464343	25,180642	5,772565	-0,565294																				
	71,000000	25,845373	3,531626	-9,020955	25,977886	9,601176	23,826832	36,541625	9,606557	25,457943	25,167480	5,772565	-0,563178																				
	72,000000	25,587111	3,281891	-9,021711	25,988240	9,604467	23,834509	36,557387	9,611711	25,471521	25,182801	5,772565	-0,564236																				
	73,000000	25,726663	3,069938	-9,024803	25,965894	9,605864	23,819539	36,520323	9,607441	25,441420	25,188160	5,769148	-0,564236																				
	74,000000	25,761569	2,856753	-9,035896	25,970042	9,613119	23,831874	36,503735	9,631996	25,452870	25,188574	5,769148	-0,564236																				
	75,000000	25,524350	2,658273	-9,029354	25,961972	9,609352	23,832429	36,514848	9,609018	25,454638	25,175724	5,767439	-0,565294																				
	76,000000	25,677807	2,497826	-9,007519	25,982074	9,627431	23,818655	36,514330	9,624708	25,443407	25,187517	5,772565	-0,564236																				
	77,000000	25,461611	2,342255	-9,026021	25,986701	9,612852	23,828512	36,541529	9,598538	25,450775	25,183401	5,772565	-0,564236																				
	78,000000	25,761569	2,193031	-8,999638	25,981778	9,636807	23,819282	36,547465	9,629870	25,461310	25,184407	5,772565	-0,562121																				
	79,000000	25,531322	2,044283	-9,027325	25,989762	9,638069	23,807716	36,549062	9,626596	25,446511	25,184203	5,774274	-0,560005																				
	80,000000	25,642918	1,931309	-9,033741	26,009877	9,643700	23,813954	36,545672	9,605786	25,456716	25,172701	5,769148	-0,565294																				
	81,000000	25,775533	1,806538	-9,003281	25,999297	9,646433	23,821233	36,556458	9,636034	25,456683	25,185982	5,769148	-0,563178																				
	82,000000	25,712702	1,707177	-9,020131	26,013615	9,646049	23,809396	36,572340	9,614907	25,445809	25,198327	5,770856	-0,563178																				
	83,000000	25,754587	1,622937	-9,022772	26,024096	9,649069	23,822015	36,591903	9,617152	25,441297	25,193171	5,769148	-0,564236																				
	84,000000	25,426767	1,513446	-9,001212	26,024505	9,660219	23,824650	36,609767	9,620681	25,439773	25,185155	5,774274	-0,563178																				
	85,000000	25,656872	1,437001	-9,012142	26,045621	9,657918	23,797088	36,614548	9,611606	25,447295	25,176060	5,770856	-0,564236																				
	86,000000	25,768551	1,352296	-9,018086	26,038117	9,650365	23,803584	36,612374	9,605992	25,446861	25,180564	5,767439	-0,563178																				
	87,000000	25,712702	1,271789	-9,017735	26,034153	9,674944	23,812728	36,609312	9,625119	25,460779	25,183486	5,769148	-0,564236																				
	88,000000	25,510406	1,196114	-9,012428	26,038215	9,655560	23,803127	36,586394	9,620580	25,452787	25,185636	5,770856	-0,563178																				
	89,000000	25,468581	1,147091	-9,012793	26,038243	9,651599	23,803896	36,583650	9,616270	25,448214	25,189928	5,765731	-0,564236																				
	90,000000	25,391929	1,076806	-9,015547	26,040684	9,665089	23,822840	36,555024	9,615711	25,439253	25,185577	5,769148	-0,563178																				
	91,000000	25,419799	1,021922	-9,015818	26,037213	9,682084	23,813596	36,581900	9,608071	25,433908	25,184711	5,769148	-0,564236																				
	92,000000	25,482522	0,956005	-8,999117	26,056877	9,664203	23,804751	36,560442	9,623505	25,448260	25,184840	5,770856	-0,564236																				
	93,000000	25,615012	0,894565	-9,012758	26,078191	9,665276	23,824236	36,578111	9,601940	25,448214	25,173761	5,769148	-0,562121																				
	94,000000	25,719682	0,845722	-9,006546	26,102142	9,680966	23,811018	36,570837	9,609601	25,446458	25,175591	5,769148	-0,565294																				
	95,000000	25,587111	0,811756	-9,011524	26,098263	9,694756	23,822840	36,597920	9,609340	25,463528	25,189704	5,769148	-0,563178																				
	96,000000	25,545268	0,761008	-9,012837	26,094398	9,685226	23,818196	36,582739	9,614209	25,444220	25,179974	5,772565	-0,562121																				
	97,000000	25,580136	0,737161	-9,014411	26,086725	9,705565	23,811929	36,570012	9,611776	25,439970	25,195246	5,769148	-0,562121																				
	98,000000	25,838388	0,675377	-9,016781	26,101705	9,693271	23,822982	36,589456	9,627479	25,433811	25,166922	5,769148	-0,562121																				
	99,000000	25,803466	0,627211	-8,999224	26,096937	9,683937	23,820575	36,586288	9,623112	25,439086	25,179892	5,770856	-0,562121																				
	100,000000	25,705723	0,587141	-9,012204	26,099589	9,715076	23,821957	36,570028	9,609152	25,448980	25,179484	5,765731	-0,561063																				
	101,000000	25,489492	0,558476	-9,011787	26,078501	9,717276	23,839362	36,574754	9,614732	25,445337	25,164560	5,767439	-0,562121																				
	102,000000	25,545268	0,518571	-9,023497	26,079375	9,724199	23,818211	36,563386	9,622362	25,436488	25,156328	5,765731	-0,562121																				
	103,000000	25,908254	0,496380	-9,018640	26,083071	9,714748	23,818980	36,597417	9,612221	25,435713	25,178366	5,770856	-0,562121																				
	104,000000	25,503434	0,450422	-9,007337	26,098771	9,721139	23,826685	36,601047	9,615173	25,415799	25,176389	5,765731	-0,561063																				
	105,000000	25,726663	0,422620	-8,998468	26,090731	9,726115	23,826344	36,598130	9,618606	25,427219	25,169924	5,770856	-0,562121																				
	106,000000	25,649895	0,385855	-9,021825	26,111395	9,731947	23,826102	36,567967	9,626284	25,433942	25,170289	5,767439	-0,564236																				
	107,000000	25,440704	0,367006	-9,013578	26,080998	9,712909	23,824293	36,556467	9,626991	25,431895	25,177910	5,765731	-0,562121																				
	108,000000	25,642918	0,309192	-9,007344	26,098602	9,727227	23,835032	36,582587	9,612922	25,433335	25,182036	5,769148	-0,562121																				
	109,000000	25,454642	0,296399	-9,009750	26,094977	9,722897	23,834149	36,604974	9,609376	25,437306	25,176942	5,770856	-0,564236																				
	110,000000	25,621988	0,266955	-9,020044	26,097826	9,734102	23,819436	36,600728	9,625785	25,432365	25,177056	5,767439	-0,561063																				
	111,000000	25,670828	0,234915	-9,017164	26,101931	9,739004	23,843764	36,621751	9,625750	25,422118	25,191751	5,770856	-0,562121																				
	112,000000	25,545268	0,204518	-9,016140	26,101240	9,742741	23,836771	36,624647	9,625689	25,413267	25,174958	5,767439	-0,564236																				
	113,000000	25,873317	0,179108	-9,002680	26,103525	9,734682	23,815007	36,616808	9,616554	25,418202	25,164565	5,769148	-0,563178																				
	114,000000	25,538295	0,159435	-9,037836	26,088277	9,722813	23,825163	36,634447	9,641352	25,406009	25,181657	5,769148	-0,563178																				
	115,000000	25,768551	0,124560	-9,012597	26,069009	9,726392	23,825149	36,634604	9,637741	25,398655	25,169049	5,767439	-0,563178																				
	116,000000	25,642918	0,098417	-9,007183	26,068586	9,724825	23,828425	36,622736	9,632413	25,401951	25,165741	5,767439	-0,561063																				
	117,000000	25,552241	0,081583	-8,996602	26,078616	9,731430	23,823183	36,595172	9,614833	25,425436	25,172868	5,765731	-0,562121																				
	118,000000	25,712702	0,022509	-8,987748	26,058529	9,762248	23,830120	36,595966	9,619792	25,412399	25,173315	5,772565	-0,564236																				
	119,000000	25,580136	0,039959	-9,012476	26,041870	9,751414	23,831815	36,550329	9,609409	25,406539	25,169452	5,769148	-0,562121																				
	120,000000	25,803466	-0,003505	-9,003744	26,038908	9,745774	23,819751	36,575138	9,622289	25,416572	25,178126	5,765731	-0,563178																				
	121,000000	25,398896	-0,029326	-8,998509	26,035650	9,727614	23,817758	36,565600	9,615569	25,404647	25,159160	5,767439	-0,563178																				
	122,000000	25,559214	-0,059944	-9,009469	26,027215	9,740981	23,825905	36,553111	9,630730	25,418432	25,164609	5,767439	-0,562121																				
	123,000000	25,782516	-0,058594	-8,997779	26,027300	9,745534	23,846359	36,566407	9,619033	25,417110	25,168782	5,769148	-0,561063																				
	124,000000	25,615012	-0,098723	-8,997955	26,036102	9,743251	23,832102	36,572313	9,611485	25,421935	25,167407	5,765731	-0,564236																				
	125,000000	25,761569	-0,127652	-9,007157	26,029021	9,749929	23,833655	36,572161	9,628302	25,418068	25,164809	5,770856	-0,558948																				
	126,000000	25,642918	-0,138882	-8,995793	26,038543	9,724860	23,821790	36,588042	9,630184	25,406891	25,176087	5,769148	-0,564236																				
	127,000000	25,740624	-0,165244	-8,992560	26,053143	9,743691	23,844865	36,571265	9,611169	25,409238	25,169152	5,769148	-0,564236																				
	128,000000	25,684785	-0,178822	-8,984709	26,058871	9,737231	23,827132	36,598599	9,622857	25,403854	25,173000	5,767439	-0,561063																				
	129,000000	25,496463	-0,221313	-8,997740	26,047305	9,735921	23,838969	36,585503	9,622311	25,401922	25,169326	5,770856	-0,563178																				
	130,000000	25,482522	-0,226978	-8,970060	26,063400	9,740505	23,844852	36,598459	9,608381	25,394414	25,166071	5,770856	-0,562121																				
	131,000000	25,677807	-0,245467	-9,015794	26,070326	9,733997	23,841477	36,578828	9,609084	25,416317	25,168166	5,767439	-0,563178																				
	132,000000	25,789499	-0,272951	-8,988987	26,078113	9,740025	23,824157	36,559201	9,629404	25,404861	25,152530	5,765731	-0,562121																				
	133,000000	25,566188	-0,277485	-9,003280	26,098059	9,747494	23,833558	36,583830	9,636822	25,409111	25,182717	5,767439	-0,563178																				
	134,000000	25,635941	-0,314722	-8,998767	26,099837	9,741597	23,840168	36,566641	9,613992	25,394268	25,165923	5,767439	-0,562121																				
	135,000000	25,405863	-0,310307	-9,005060	26,110896	9,738781	23,854668	36,579049	9,627414	25,402632	25,152167	5,769148	-0,563178																				
	136,000000	25,496463	-0,357002	-8,999889	26,135369	9,749625	23,844940	36,554870	9,631017	25,397414	25,161702	5,772565	-0,561063																				
	137,000000	25,433735	-0,352971	-8,999912	26,146513	9,737922	23,823975	36,555677	9,623166	25,414954	25,169824	5,770856	-0,564236																				
	138,000000	25,642918	-0,368958	-9,001316	26,133396	9,749175	23,835356	36,548891	9,623782	25,394716	25,172465	5,769148	-0,561063																				
	139,000000	25,405863	-0,402111	-9,009537	26,151409	9,734299	23,856508	36,558064	9,610139	25,387735	25,168414	5,772565	-0,558948																				
	140,000000	25,552241	-0,425271	-8,996951	26,158588	9,746264	23,835984	36,525370	9,625040	25,402718	25,163097	5,770856	-0,562121																				
	141,000000	25,747605	-0,437157	-8,987837	26,159760	9,737390	23,859942	36,558854	9,623770	25,385862	25,153957	5,772565	-0,562121																				
	142,000000	25,656872	-0,466193	-8,980403	26,178689	9,756934	23,859614	36,590058	9,616777	25,393513	25,160780	5,772565	-0,561063																				
	143,000000	25,545268	-0,497727	-8,996554	26,180848	9,741403	23,846611	36,607090	9,633789	25,395767	25,167066	5,772565	-0,563178																				
	144,000000	25,628964	-0,483916	-8,997344	26,195884	9,731712	23,837724	36,623893	9,616999	25,376848	25,163629	5,770856	-0,562121																				
	145,000000	25,545268	-0,504188	-9,013919	26,200920	9,738631	23,826886	36,628777	9,612178	25,386000	25,166271	5,769148	-0,562121																				
	146,000000	25,635941	-0,542833	-8,992620	26,196972	9,742818	23,844377	36,616225	9,602758	25,380486	25,147923	5,772565	-0,561063																				
	147,000000	25,712702	-0,545360	-8,999293	26,212445	9,744245	23,845190	36,615028	9,614359	25,374500	25,156487	5,769148	-0,561063																				
	148,000000	25,635941	-0,577226	-8,978217	26,193673	9,754923	23,842342	36,635759	9,633262	25,375317	25,172724	5,769148	-0,564236																				
	149,000000	25,635941	-0,590551	-8,973790	26,205324	9,753291	23,837443	36,646362	9,624475	25,370932	25,160660	5,772565	-0,564236																				
	150,000000	25,789499	-0,601320	-8,980377	26,192222	9,736559	23,847357	36,635628	9,610875	25,369192	25,155278	5,767439	-0,563178																				
	151,000000	25,510406	-0,615839	-8,986639	26,215227	9,736647	23,842444	36,657140	9,615111	25,363847	25,156314	5,769148	-0,562121																				
	152,000000	25,398896	-0,636374	-9,009787	26,197710	9,725250	23,839383	36,672652	9,621896	25,381923	25,164410	5,772565	-0,563178																				
	153,000000	25,489492	-0,645447	-9,019263	26,203029	9,748076	23,840680	36,662347	9,626462	25,386680	25,148321	5,774274	-0,561063																				
	154,000000	25,691764	-0,683139	-9,000709	26,187979	9,748470	23,837889	36,644258	9,624589	25,366179	25,168194	5,770856	-0,563178																				
	155,000000	25,684785	-0,694674	-8,983846	26,160800	9,743162	23,840810	36,612496	9,615169	25,392531	25,151223	5,767439	-0,564236																				
	156,000000	25,545268	-0,702594	-9,007399	26,182382	9,749051	23,867416	36,591256	9,609326	25,373647	25,148392	5,769148	-0,562121																				
	157,000000	25,594086	-0,731923	-9,002030	26,166331	9,725030	23,842692	36,565672	9,620169	25,385902	25,169405	5,770856	-0,560005																				
	158,000000	25,719682	-0,743262	-8,995058	26,152509	9,743517	23,855582	36,512352	9,626083	25,355771	25,148488	5,772565	-0,562121																				
	159,000000	25,545268	-0,754410	-9,006873	26,152003	9,750895	23,854145	36,527288	9,620963	25,370753	25,156864	5,769148	-0,561063																				
	160,000000	25,775533	-0,762495	-9,001232	26,127433	9,723682	23,853035	36,504510	9,606384	25,348844	25,150009	5,770856	-0,562121																				
	161,000000	25,433735	-0,770777	-8,991363	26,132921	9,722417	23,832469	36,528402	9,610785	25,375789	25,151330	5,767439	-0,562121																				
	162,000000	25,475551	-0,797363	-8,999684	26,135856	9,733366	23,840432	36,529078	9,608458	25,352540	25,148248	5,772565	-0,564236																				
	163,000000	25,594086	-0,812809	-9,007357	26,139707	9,742857	23,857653	36,522055	9,631085	25,366713	25,133548	5,769148	-0,564236																				
	164,000000	25,601061	-0,821572	-8,995596	26,142741	9,747746	23,852384	36,531983	9,613687	25,364179	25,156461	5,774274	-0,563178																				
	165,000000	25,698743	-0,841523	-8,996225	26,145774	9,740906	23,865446	36,526807	9,613306	25,366110	25,138641	5,767439	-0,562121																				
	166,000000	25,475551	-0,860463	-9,010422	26,162039	9,735233	23,856873	36,526460	9,634828	25,374644	25,140846	5,769148	-0,562121																				
	167,000000	25,601061	-0,851182	-9,003703	26,172238	9,739284	23,859025	36,535944	9,629423	25,362144	25,146785	5,772565	-0,562121																				
	168,000000	25,524350	-0,884598	-8,973929	26,156441	9,749386	23,866403	36,539120	9,610412	25,329831	25,175200	5,769148	-0,561063																				
	169,000000	25,615012	-0,883690	-8,984455	26,170026	9,733624	23,865493	36,531546	9,622670	25,350370	25,135583	5,774274	-0,561063																				
	170,000000	25,768551	-0,907206	-9,004002	26,151281	9,724645	23,851565	36,502121	9,619787	25,369810	25,141450	5,772565	-0,562121																				
	171,000000	25,628964	-0,902463	-9,010892	26,159506	9,737083	23,855796	36,501659	9,623842	25,351958	25,148609	5,772565	-0,562121																				
	172,000000	25,656872	-0,944167	-8,991180	26,140874	9,740816	23,866607	36,524133	9,632075	25,337996	25,149448	5,774274	-0,562121																				
	173,000000	25,726663	-0,953180	-9,003987	26,129648	9,756505	23,855272	36,534963	9,632193	25,353196	25,149677	5,769148	-0,562121																				
	174,000000	25,761569	-0,965102	-8,993692	26,128929	9,741402	23,856583	36,509556	9,621719	25,356584	25,137140	5,772565	-0,561063																				
	175,000000	25,545268	-0,988160	-9,020633	26,114346	9,757925	23,858151	36,507157	9,616631	25,347466	25,143474	5,765731	-0,563178																				
	176,000000	25,601061	-0,998954	-9,006405	26,088197	9,741483	23,865631	36,499289	9,638395	25,339223	25,155641	5,767439	-0,562121																				
	177,000000	25,789499	-1,008646	-9,007696	26,086787	9,739336	23,860319	36,503113	9,652104	25,344782	25,143219	5,769148	-0,562121																				
	178,000000	25,677807	-1,013550	-8,991586	26,084080	9,745562	23,859808	36,504735	9,643578	25,345445	25,145985	5,774274	-0,562121																				
	179,000000	25,663850	-1,035728	-9,002747	26,070030	9,750421	23,851917	36,481383	9,624264	25,348982	25,132079	5,769148	-0,563178																				
	180,000000	25,712702	-1,034452	-8,985515	26,049720	9,747576	23,863072	36,453861	9,633508	25,341049	25,126111	5,769148	-0,563178																				
	181,000000	25,566188	-1,070255	-9,001988	26,053883	9,748135	23,860610	36,425586	9,631424	25,348203	25,134141	5,769148	-0,561063																				
	182,000000	25,649895	-1,069298	-8,995177	26,064535	9,742632	23,872105	36,421709	9,634256	25,340896	25,145167	5,770856	-0,562121																				
	183,000000	25,587111	-1,074620	-9,001283	26,072365	9,741594	23,861866	36,412202	9,631717	25,354821	25,139725	5,770856	-0,563178																				
	184,000000	25,538295	-1,089126	-9,010362	26,076217	9,747881	23,848536	36,404278	9,645881	25,339422	25,127312	5,772565	-0,563178																				
	185,000000	25,601061	-1,109324	-8,995430	26,085796	9,721381	23,881723	36,386255	9,633895	25,352569	25,127545	5,765731	-0,562121																				
	186,000000	25,859344	-1,108652	-8,988645	26,060747	9,751533	23,855875	36,379010	9,637438	25,323082	25,124213	5,765731	-0,562121																				
	187,000000	25,482522	-1,127087	-8,984388	26,082795	9,741655	23,854807	36,421129	9,622725	25,343557	25,129991	5,772565	-0,563178																				
	188,000000	25,433735	-1,134486	-9,005751	26,082162	9,743489	23,860093	36,448777	9,654720	25,338058	25,137719	5,769148	-0,562121																				
	189,000000	25,545268	-1,146770	-8,981377	26,083334	9,733490	23,870904	36,466759	9,630457	25,341296	25,124650	5,769148	-0,560005																				
	190,000000	25,747605	-1,158104	-8,998977	26,102843	9,741431	23,867459	36,500348	9,650413	25,322244	25,129639	5,769148	-0,563178																				
	191,000000	25,621988	-1,163785	-8,988126	26,099869	9,742415	23,862790	36,527905	9,634795	25,317104	25,124416	5,772565	-0,564236																				
	192,000000	25,531322	-1,189899	-8,998039	26,102001	9,748898	23,851241	36,543449	9,631804	25,336872	25,117112	5,767439	-0,563178																				
	193,000000	25,712702	-1,203424	-9,002769	26,092382	9,722097	23,861155	36,576488	9,650447	25,338348	25,115949	5,769148	-0,563178																				
	194,000000	25,475551	-1,211189	-8,994764	26,095317	9,722473	23,867636	36,576854	9,633472	25,333808	25,118753	5,772565	-0,560005																				
	195,000000	25,615012	-1,211412	-9,010756	26,092173	9,729564	23,864647	36,628084	9,620900	25,352125	25,122338	5,772565	-0,561063																				
	196,000000	25,663850	-1,227195	-9,011588	26,097352	9,712819	23,849139	36,608841	9,632182	25,328011	25,125037	5,774274	-0,560005																				
	197,000000	25,838388	-1,234834	-9,004893	26,078240	9,736210	23,848357	36,606103	9,626370	25,325840	25,124924	5,769148	-0,563178																				
	198,000000	25,405863	-1,241977	-8,998547	26,081543	9,732698	23,865948	36,593081	9,626653	25,328832	25,128724	5,770856	-0,558948																				
	199,000000	25,545268	-1,258471	-9,022981	26,072024	9,728897	23,861336	36,593078	9,630799	25,321441	25,119312	5,769148	-0,564236																				
	200,000000	25,454642	-1,282355	-9,000841	26,075383	9,736520	23,860654	36,599385	9,627808	25,328225	25,116695	5,770856	-0,561063																				
	201,000000	25,587111	-1,283520	-9,031869	26,081351	9,732247	23,857608	36,603357	9,638275	25,319420	25,110792	5,774274	-0,560005																				
	202,000000	25,635941	-1,289082	-9,016632	26,079139	9,736832	23,876852	36,621116	9,634153	25,327129	25,114249	5,769148	-0,561063																				
	203,000000	25,412831	-1,308840	-9,014155	26,082525	9,729505	23,866940	36,586281	9,628762	25,321819	25,131870	5,772565	-0,562121																				
	204,000000	25,426767	-1,304132	-9,011092	26,085179	9,724975	23,868139	36,577071	9,657454	25,312719	25,103413	5,772565	-0,561063																				
	205,000000	25,524350	-1,313951	-8,999694	26,098665	9,720445	23,852687	36,578945	9,632589	25,301699	25,133872	5,767439	-0,562121																				
	206,000000	25,545268	-1,325476	-8,988933	26,092489	9,739689	23,869595	36,551854	9,633596	25,306060	25,130695	5,772565	-0,562121																				
	207,000000	25,635941	-1,339462	-8,989400	26,089388	9,720333	23,866649	36,566276	9,626443	25,299050	25,098845	5,767439	-0,563178																				
	208,000000	25,845373	-1,369219	-9,016902	26,107261	9,718839	23,866921	36,578860	9,628730	25,315691	25,119747	5,770856	-0,560005																				
	209,000000	25,517378	-1,357888	-9,013641	26,115050	9,731962	23,875711	36,574262	9,647421	25,305335	25,120067	5,770856	-0,561063																				
	210,000000	25,461611	-1,369300	-9,024732	26,111313	9,728724	23,864532	36,543404	9,629495	25,306813	25,115102	5,769148	-0,561063																				
	211,000000	25,538295	-1,377117	-9,010846	26,106505	9,730891	23,858381	36,505981	9,644849	25,302418	25,114440	5,770856	-0,562121																				
	212,000000	25,517378	-1,396838	-9,030369	26,124958	9,730098	23,868126	36,495234	9,625203	25,300711	25,125450	5,769148	-0,560005																				
	213,000000	25,712702	-1,394781	-9,005993	26,112194	9,716301	23,869125	36,491787	9,632245	25,312253	25,114923	5,770856	-0,560005																				
	214,000000	25,726663	-1,396882	-9,026254	26,114396	9,720157	23,861350	36,459700	9,647767	25,315645	25,101060	5,770856	-0,562121																				
	215,000000	25,691764	-1,399129	-9,025794	26,117685	9,728221	23,860597	36,453505	9,634654	25,296806	25,111401	5,770856	-0,562121																				
	216,000000	25,594086	-1,426190	-8,996594	26,097840	9,734674	23,865184	36,462000	9,631633	25,289298	25,117088	5,770856	-0,562121																				
	217,000000	25,621988	-1,420811	-8,993668	26,094684	9,712915	23,847370	36,472606	9,641329	25,290768	25,114587	5,772565	-0,561063																				
	218,000000	25,747605	-1,431746	-8,998139	26,106026	9,728439	23,854934	36,468866	9,640151	25,305069	25,113901	5,769148	-0,562121																				
	219,000000	25,433735	-1,446162	-9,012148	26,110597	9,724273	23,879732	36,488828	9,628470	25,301583	25,119109	5,767439	-0,562121																				
	220,000000	25,733643	-1,461031	-9,028544	26,113914	9,727461	23,870676	36,510033	9,620698	25,294851	25,117594	5,772565	-0,564236																				
	221,000000	25,468581	-1,461500	-8,988887	26,125540	9,707920	23,841681	36,513560	9,635237	25,296081	25,121697	5,770856	-0,561063																				
	222,000000	25,768551	-1,475635	-9,023377	26,129378	9,736933	23,848149	36,494863	9,623693	25,295117	25,118054	5,765731	-0,563178																				
	223,000000	25,391929	-1,469180	-9,014700	26,140566	9,725598	23,850373	36,517826	9,622996	25,291261	25,110333	5,769148	-0,565294																				
	224,000000	25,803466	-1,487321	-9,021599	26,127013	9,735910	23,867608	36,524903	9,633992	25,290722	25,107883	5,769148	-0,562121																				
	225,000000	25,433735	-1,505204	-9,014094	26,139752	9,724772	23,861772	36,521087	9,621044	25,279014	25,110444	5,774274	-0,562121																				
	226,000000	25,824418	-1,506028	-9,004233	26,139415	9,736922	23,854766	36,527365	9,644426	25,281211	25,114007	5,772565	-0,563178																				
	227,000000	25,733643	-1,515062	-9,020028	26,130404	9,744925	23,869366	36,530347	9,646340	25,280511	25,119192	5,769148	-0,561063																				
	228,000000	25,419799	-1,511817	-9,009428	26,116245	9,719385	23,856180	36,522128	9,611169	25,276915	25,107930	5,770856	-0,562121																				
	229,000000	25,461611	-1,531133	-9,013025	26,122325	9,734164	23,860839	36,514337	9,634144	25,282543	25,123920	5,770856	-0,562121																				
	230,000000	25,552241	-1,542830	-9,043648	26,138733	9,717343	23,859632	36,507948	9,638183	25,280014	25,109938	5,772565	-0,561063																				
	231,000000	25,670828	-1,530098	-9,025842	26,143659	9,727899	23,849053	36,537429	9,621510	25,276618	25,121134	5,769148	-0,561063																				
	232,000000	25,566188	-1,557361	-9,013654	26,131502	9,732285	23,855107	36,510661	9,641330	25,291964	25,108764	5,774274	-0,561063																				
	233,000000	25,419799	-1,564091	-9,014656	26,140108	9,731265	23,851578	36,493782	9,622212	25,272716	25,124778	5,770856	-0,562121																				
	234,000000	25,517378	-1,570684	-9,033237	26,138559	9,723090	23,861678	36,491002	9,630689	25,292730	25,113727	5,774274	-0,562121																				
	235,000000	25,489492	-1,566195	-9,016750	26,136670	9,726322	23,859771	36,508925	9,637294	25,263003	25,095508	5,772565	-0,560005																				
	236,000000	25,322274	-1,576176	-9,026198	26,135149	9,726092	23,839534	36,517938	9,626128	25,272061	25,111939	5,774274	-0,560005																				
	237,000000	25,642918	-1,577007	-9,017672	26,119242	9,721926	23,861429	36,531249	9,636323	25,263954	25,104653	5,774274	-0,563178																				
	238,000000	25,789499	-1,596718	-9,046419	26,093543	9,717671	23,853254	36,529696	9,635491	25,272952	25,111893	5,770856	-0,563178																				
	239,000000	25,656872	-1,606591	-9,003229	26,080822	9,729153	23,835781	36,520546	9,623133	25,255156	25,095144	5,769148	-0,562121																				
	240,000000	25,496463	-1,619878	-9,027505	26,066183	9,737991	23,865992	36,519538	9,623990	25,272623	25,100907	5,769148	-0,561063																				
	241,000000	25,712702	-1,618164	-9,022316	26,051797	9,718664	23,859059	36,523643	9,637609	25,274095	25,110392	5,769148	-0,563178																				
	242,000000	25,677807	-1,615767	-9,034272	25,999916	9,725772	23,840744	36,557528	9,642783	25,293640	25,092207	5,767439	-0,561063																				
	243,000000	25,845373	-1,634458	-9,038956	25,985388	9,727699	23,863107	36,507678	9,636021	25,275546	25,123849	5,772565	-0,560005																				
	244,000000	25,628964	-1,643341	-9,024047	25,967335	9,697510	23,862655	36,483114	9,632066	25,268821	25,108647	5,772565	-0,563178																				
	245,000000	25,635941	-1,645911	-9,027426	25,956644	9,724944	23,867229	36,500934	9,641960	25,266146	25,097750	5,767439	-0,564236																				
	246,000000	25,649895	-1,663912	-9,027365	25,946828	9,715400	23,856577	36,500147	9,637385	25,267820	25,106679	5,770856	-0,562121																				
	247,000000	25,635941	-1,666496	-9,001553	25,939072	9,724407	23,850784	36,521841	9,635392	25,261201	25,116312	5,769148	-0,561063																				
	248,000000	25,656872	-1,674871	-9,033966	25,944196	9,726789	23,860956	36,496448	9,626065	25,261521	25,103132	5,770856	-0,563178																				
	249,000000	25,768551	-1,654694	-9,043186	25,937384	9,721484	23,849264	36,536730	9,622305	25,267942	25,104521	5,772565	-0,558948																				
	250,000000	25,489492	-1,669921	-9,035605	25,952396	9,693864	23,854608	36,542744	9,625427	25,256763	25,098489	5,772565	-0,562121																				
	251,000000	25,635941	-1,673343	-9,023614	25,946840	9,720281	23,850294	36,541102	9,615453	25,258694	25,092842	5,772565	-0,562121																				
	252,000000	25,412831	-1,692911	-9,034579	25,957056	9,721219	23,850240	36,528345	9,643918	25,263161	25,078550	5,767439	-0,560005																				
	253,000000	25,552241	-1,699140	-9,025769	25,965353	9,723420	23,848988	36,538245	9,628754	25,261065	25,092969	5,774274	-0,561063																				
	254,000000	25,712702	-1,722144	-9,014946	25,966202	9,712678	23,854845	36,536293	9,628270	25,260714	25,096036	5,772565	-0,562121																				
	255,000000	25,461611	-1,716020	-9,022598	25,963370	9,696678	23,854393	36,477501	9,616529	25,274688	25,089310	5,769148	-0,560005																				
	256,000000	25,357098	-1,718836	-9,031656	25,977013	9,714997	23,852985	36,436576	9,640757	25,261106	25,089206	5,774274	-0,558948																				
	257,000000	25,440704	-1,705603	-9,029315	25,983574	9,703177	23,838871	36,455743	9,636561	25,259118	25,103925	5,772565	-0,561063																				
	258,000000	25,733643	-1,731124	-9,022563	25,986102	9,710587	23,863642	36,461844	9,639772	25,257456	25,087970	5,767439	-0,563178																				
	259,000000	25,566188	-1,739276	-9,049616	25,989336	9,707197	23,855428	36,495862	9,627730	25,248259	25,095936	5,767439	-0,560005																				
	260,000000	25,663850	-1,732622	-9,032355	25,986544	9,703580	23,849832	36,509339	9,610560	25,259002	25,079460	5,772565	-0,558948																				
	261,000000	25,433735	-1,744412	-9,029725	26,001288	9,701466	23,861201	36,535360	9,630713	25,252839	25,079856	5,774274	-0,562121																				
	262,000000	25,531322	-1,749145	-9,040123	26,008626	9,698486	23,861573	36,525073	9,624737	25,249571	25,107921	5,770856	-0,561063																				
	263,000000	25,663850	-1,772373	-9,049075	26,026616	9,690857	23,850668	36,545361	9,626967	25,249384	25,079199	5,772565	-0,560005																				
	264,000000	25,698743	-1,779915	-9,042864	26,034897	9,696962	23,852549	36,547975	9,633785	25,243026	25,089098	5,769148	-0,560005																				
	265,000000	25,580136	-1,773593	-9,067485	26,028242	9,689819	23,858420	36,543612	9,627445	25,243523	25,092266	5,770856	-0,557890																				
	266,000000	25,552241	-1,778053	-9,054178	26,031219	9,703004	23,836244	36,539074	9,626961	25,242954	25,080085	5,770856	-0,560005																				
	267,000000	25,580136	-1,761056	-9,026104	26,032987	9,699812	23,847657	36,540032	9,604931	25,239173	25,081950	5,772565	-0,560005																				
	268,000000	25,552241	-1,789489	-9,042035	26,032100	9,681155	23,842504	36,552179	9,611297	25,239758	25,091294	5,772565	-0,562121																				
	269,000000	25,545268	-1,803622	-9,049176	26,031158	9,681303	23,858031	36,557495	9,612953	25,242004	25,064284	5,772565	-0,561063																				
	270,000000	25,691764	-1,790491	-9,051351	26,000240	9,690782	23,846440	36,555632	9,612182	25,248150	25,080608	5,769148	-0,558948																				
	271,000000	25,343167	-1,833142	-9,065492	26,017028	9,679491	23,845616	36,522851	9,623978	25,237801	25,077703	5,772565	-0,560005																				
	272,000000	25,803466	-1,799798	-9,048599	26,005775	9,672333	23,859620	36,496677	9,603291	25,240835	25,097524	5,772565	-0,560005																				
	273,000000	25,496463	-1,813582	-9,052231	26,017824	9,681355	23,837532	36,512104	9,615645	25,235557	25,074852	5,770856	-0,557890																				
	274,000000	25,831403	-1,823712	-9,062356	26,018080	9,659826	23,836864	36,508895	9,625948	25,236434	25,077265	5,775982	-0,558948																				
	275,000000	25,440704	-1,838997	-9,051219	26,022287	9,690680	23,839261	36,503440	9,610195	25,238131	25,078039	5,772565	-0,561063																				
	276,000000	25,656872	-1,837572	-9,041220	26,044816	9,688216	23,837753	36,517669	9,625476	25,234266	25,052809	5,779399	-0,560005																				
	277,000000	25,628964	-1,841915	-9,053565	26,014081	9,677885	23,850047	36,511683	9,614084	25,226323	25,075173	5,772565	-0,558948																				
	278,000000	25,733643	-1,845520	-9,078551	26,042665	9,680419	23,841320	36,523385	9,608304	25,224523	25,074485	5,774274	-0,560005																				
	279,000000	25,580136	-1,850354	-9,046575	26,052568	9,674462	23,842618	36,519807	9,613326	25,233705	25,079438	5,772565	-0,560005																				
	280,000000	25,426767	-1,859045	-9,062153	26,046224	9,679670	23,835656	36,539282	9,609823	25,235413	25,082885	5,772565	-0,561063																				
	281,000000	25,705723	-1,844883	-9,075273	26,052151	9,684195	23,832197	36,518561	9,611299	25,229257	25,068072	5,772565	-0,562121																				
	282,000000	25,705723	-1,871489	-9,040450	26,061097	9,693264	23,842527	36,484894	9,621060	25,243979	25,068573	5,769148	-0,562121																				
	283,000000	25,587111	-1,887898	-9,060321	26,037937	9,669639	23,852656	36,490731	9,595335	25,230927	25,063872	5,772565	-0,558948																				
	284,000000	25,817433	-1,884084	-9,072192	26,038899	9,663164	23,846406	36,516576	9,602106	25,248655	25,089300	5,772565	-0,561063																				
	285,000000	25,580136	-1,881455	-9,039321	26,031172	9,665533	23,847677	36,524052	9,619923	25,241086	25,044140	5,772565	-0,558948																				
	286,000000	25,677807	-1,891495	-9,057832	26,021722	9,669952	23,847393	36,526134	9,612242	25,226514	25,068328	5,772565	-0,558948																				
	287,000000	25,322274	-1,886857	-9,057083	26,005688	9,665756	23,832499	36,522422	9,602794	25,219576	25,060329	5,772565	-0,560005																				
	288,000000	25,705723	-1,905242	-9,079843	25,990131	9,657931	23,839196	36,502618	9,599549	25,232700	25,054831	5,767439	-0,560005																				
	289,000000	25,698743	-1,912603	-9,059905	25,983757	9,638087	23,829798	36,518045	9,616053	25,228768	25,057304	5,772565	-0,558948																				
	290,000000	25,601061	-1,903819	-9,055848	25,976227	9,671540	23,819233	36,487407	9,604011	25,236696	25,056608	5,770856	-0,560005																				
	291,000000	25,775533	-1,912333	-9,061775	25,983776	9,669547	23,846296	36,481775	9,614480	25,227345	25,058902	5,770856	-0,563178																				
	292,000000	25,447673	-1,920910	-9,068370	25,975301	9,671536	23,826815	36,489990	9,610420	25,224485	25,043252	5,770856	-0,560005																				
	293,000000	25,691764	-1,937297	-9,062002	25,969323	9,665382	23,837628	36,513930	9,582809	25,212957	25,057979	5,775982	-0,560005																				
	294,000000	25,517378	-1,937337	-9,061288	25,983432	9,664743	23,847616	36,495204	9,589718	25,222093	25,050142	5,767439	-0,562121																				
	295,000000	25,496463	-1,952788	-9,066073	25,959876	9,662948	23,833090	36,501217	9,605663	25,234312	25,063697	5,774274	-0,561063																				
	296,000000	25,775533	-1,965868	-9,044951	25,985102	9,666441	23,819305	36,509418	9,600080	25,226169	25,051429	5,772565	-0,558948																				
	297,000000	25,552241	-1,942894	-9,045912	25,965608	9,657582	23,818509	36,496737	9,605992	25,226646	25,053436	5,770856	-0,562121																				
	298,000000	25,628964	-1,957805	-9,092985	25,988662	9,655377	23,815679	36,499025	9,606065	25,245941	25,040322	5,769148	-0,560005																				
	299,000000	25,677807	-1,950271	-9,070613	25,974079	9,647338	23,831321	36,505245	9,601477	25,222889	25,046005	5,772565	-0,562121																				
	300,000000	25,768551	-1,979298	-9,066237	25,990135	9,677646	23,843830	36,489283	9,610830	25,224615	25,027026	5,772565	-0,560005																				
	301,000000	25,789499	-1,960042	-9,079109	25,985738	9,644448	23,819947	36,493937	9,599739	25,221312	25,038126	5,775982	-0,560005																				
	302,000000	25,391929	-1,975185	-9,085118	25,998295	9,662678	23,830405	36,464008	9,593702	25,209116	25,056741	5,772565	-0,561063																				
	303,000000	25,642918	-1,988322	-9,066848	26,002050	9,664165	23,803458	36,474322	9,591785	25,222264	25,039284	5,770856	-0,558948																				
	304,000000	25,691764	-1,996953	-9,059999	26,000867	9,662691	23,825595	36,474735	9,605408	25,198947	25,060866	5,770856	-0,558948																				
	305,000000	25,412831	-2,001613	-9,081445	26,005214	9,677669	23,822947	36,471940	9,594256	25,227774	25,019393	5,769148	-0,561063																				
	306,000000	25,670828	-2,004175	-9,061555	25,990521	9,653420	23,810334	36,481235	9,597333	25,234847	25,039514	5,770856	-0,560005																				
	307,000000	25,517378	-2,008695	-9,087209	26,008522	9,641918	23,827029	36,508840	9,604770	25,213070	25,044209	5,772565	-0,560005																				
	308,000000	25,845373	-2,015777	-9,074695	26,004998	9,675735	23,809398	36,526587	9,611195	25,207727	25,059895	5,777691	-0,558948																				
	309,000000	25,824418	-2,017367	-9,067755	25,987059	9,664156	23,824244	36,541186	9,620819	25,209374	25,056052	5,772565	-0,560005																				
	310,000000	25,712702	-2,022667	-9,053178	26,008614	9,664398	23,818974	36,570608	9,612761	25,202196	25,031260	5,770856	-0,558948																				
	311,000000	25,545268	-2,013824	-9,075361	25,975834	9,665611	23,824761	36,595063	9,609817	25,219163	25,042030	5,772565	-0,560005																				
	312,000000	25,468581	-2,033056	-9,077020	25,984822	9,653122	23,828836	36,632788	9,616651	25,225303	25,022970	5,770856	-0,561063																				
	313,000000	25,733643	-2,010894	-9,074763	25,989185	9,663999	23,815651	36,659992	9,606707	25,221243	25,038437	5,770856	-0,558948																				
	314,000000	25,810449	-2,038239	-9,077271	25,992770	9,670303	23,820381	36,615142	9,606178	25,196893	25,029297	5,772565	-0,558948																				
	315,000000	25,426767	-2,057080	-9,079911	25,975042	9,660288	23,830812	36,579171	9,605285	25,203601	25,039155	5,774274	-0,556832																				
	316,000000	25,831403	-2,058717	-9,073851	25,993820	9,660577	23,816813	36,562827	9,601800	25,211569	25,048772	5,772565	-0,560005																				
	317,000000	25,573162	-2,050429	-9,085124	26,008620	9,658357	23,816759	36,537023	9,609025	25,207402	25,036359	5,775982	-0,558948																				
	318,000000	25,719682	-2,054299	-9,078938	25,997155	9,667730	23,822588	36,528775	9,603245	25,207223	25,024574	5,772565	-0,558948																				
	319,000000	25,726663	-2,054646	-9,096580	25,998710	9,664158	23,810825	36,516803	9,608751	25,206700	25,033934	5,770856	-0,561063																				
	320,000000	25,468581	-2,070416	-9,082083	26,011153	9,644558	23,819687	36,492196	9,623233	25,214502	25,034442	5,769148	-0,560005																				
	321,000000	25,677807	-2,053179	-9,095577	26,002665	9,643720	23,797413	36,524263	9,612972	25,203623	25,024912	5,770856	-0,558948																				
	322,000000	25,566188	-2,053296	-9,094342	26,016605	9,651894	23,810008	36,501179	9,616185	25,203698	25,044199	5,770856	-0,560005																				
	323,000000	25,796482	-2,076995	-9,103142	26,008880	9,664168	23,798504	36,516814	9,609893	25,211708	25,017148	5,772565	-0,560005																				
	324,000000	25,663850	-2,080857	-9,097466	26,019884	9,662284	23,812578	36,535301	9,606135	25,193001	25,024392	5,770856	-0,561063																				
	325,000000	25,503434	-2,101366	-9,100602	25,992365	9,659578	23,804604	36,538949	9,628342	25,194732	25,021396	5,769148	-0,558948																				
	326,000000	25,719682	-2,097253	-9,124092	25,989307	9,649518	23,812071	36,543942	9,614581	25,221358	25,014588	5,774274	-0,558948																				
	327,000000	25,642918	-2,086854	-9,076220	25,987672	9,666457	23,810049	36,561896	9,610279	25,201440	25,034107	5,772565	-0,560005																				
	328,000000	25,475551	-2,097621	-9,106301	25,990651	9,647952	23,814539	36,548330	9,620191	25,196288	25,022596	5,769148	-0,562121																				
	329,000000	25,524350	-2,103317	-9,093032	25,972218	9,645519	23,800741	36,548180	9,621925	25,197342	25,017390	5,774274	-0,556832																				
	330,000000	25,517378	-2,118847	-9,091675	25,987004	9,661182	23,800672	36,551224	9,619751	25,207628	25,017377	5,772565	-0,558948																				
	331,000000	25,621988	-2,113662	-9,095999	25,962337	9,635976	23,800023	36,573626	9,615466	25,202147	25,030831	5,772565	-0,558948																				
	332,000000	25,789499	-2,119314	-9,107010	25,946989	9,666178	23,823226	36,580467	9,619432	25,195381	25,020914	5,775982	-0,560005																				
	333,000000	25,754587	-2,135504	-9,103864	25,935437	9,655010	23,814710	36,606178	9,616262	25,194546	25,032048	5,769148	-0,558948																				
	334,000000	25,810449	-2,118909	-9,119423	25,918709	9,668105	23,815596	36,624826	9,623609	25,202325	25,018458	5,772565	-0,557890																				
	335,000000	25,810449	-2,128344	-9,108788	25,917782	9,659931	23,816882	36,651232	9,609456	25,202392	25,030509	5,774274	-0,557890																				
	336,000000	25,621988	-2,143655	-9,098939	25,900927	9,660264	23,800235	36,633085	9,607902	25,200346	25,034137	5,772565	-0,560005																				
	337,000000	25,426767	-2,145526	-9,107714	25,890392	9,665474	23,795893	36,631872	9,623636	25,186183	25,015565	5,774274	-0,561063																				
	338,000000	25,510406	-2,145374	-9,103277	25,883214	9,671155	23,814570	36,629271	9,632295	25,187266	25,034925	5,772565	-0,558948																				
	339,000000	25,691764	-2,141183	-9,110394	25,868642	9,666566	23,802450	36,641431	9,610388	25,189813	25,022105	5,770856	-0,561063																				
	340,000000	25,524350	-2,146063	-9,125811	25,876885	9,657343	23,801329	36,640958	9,613299	25,203078	25,029303	5,770856	-0,562121																				
	341,000000	25,587111	-2,177233	-9,123331	25,873335	9,665926	23,804225	36,629726	9,629365	25,195091	25,022140	5,772565	-0,560005																				
	342,000000	25,538295	-2,166986	-9,103724	25,845345	9,661519	23,798001	36,643541	9,627630	25,209285	25,006698	5,772565	-0,560005																				
	343,000000	25,754587	-2,160089	-9,105999	25,853447	9,654620	23,807847	36,617252	9,627191	25,184486	25,010226	5,772565	-0,557890																				
	344,000000	25,510406	-2,170786	-9,112549	25,851067	9,677424	23,802111	36,610247	9,609855	25,206929	25,033596	5,769148	-0,555775																				
	345,000000	25,670828	-2,176992	-9,120485	25,845058	9,677681	23,792897	36,581311	9,611619	25,178472	25,031507	5,772565	-0,558948																				
	346,000000	25,684785	-2,193296	-9,124572	25,846937	9,658903	23,803497	36,596665	9,637855	25,196068	25,014574	5,775982	-0,562121																				
	347,000000	25,747605	-2,187889	-9,131319	25,831138	9,656865	23,809025	36,592097	9,624517	25,197541	25,014739	5,772565	-0,558948																				
	348,000000	25,677807	-2,172851	-9,124600	25,822029	9,652154	23,804273	36,594903	9,625873	25,198009	25,019018	5,772565	-0,557890																				
	349,000000	25,817433	-2,192040	-9,113389	25,815400	9,645622	23,787210	36,593352	9,615992	25,183050	25,012382	5,774274	-0,558948																				
	350,000000	25,496463	-2,207088	-9,118882	25,816364	9,642415	23,812996	36,576195	9,627517	25,185195	25,025593	5,774274	-0,558948																				
	351,000000	25,594086	-2,221425	-9,144154	25,814080	9,661101	23,792174	36,560012	9,621557	25,187653	25,025046	5,772565	-0,560005																				
	352,000000	25,670828	-2,209822	-9,137890	25,814423	9,650298	23,811222	36,545440	9,632328	25,190608	25,020440	5,772565	-0,560005																				
	353,000000	25,559214	-2,220392	-9,122451	25,843910	9,650145	23,804884	36,503912	9,617466	25,182096	24,994103	5,772565	-0,560005																				
	354,000000	25,656872	-2,196551	-9,137833	25,820875	9,661539	23,809773	36,496522	9,617466	25,178697	25,018612	5,767439	-0,555775																				
	355,000000	25,601061	-2,224268	-9,159262	25,811536	9,639827	23,790345	36,483900	9,613633	25,190527	25,012749	5,772565	-0,558948																				
	356,000000	25,594086	-2,216942	-9,139000	25,834099	9,649277	23,810533	36,472402	9,631691	25,176062	25,015934	5,767439	-0,557890																				
	357,000000	25,670828	-2,237927	-9,141462	25,832225	9,652209	23,813085	36,443479	9,628568	25,182593	25,002597	5,772565	-0,557890																				
	358,000000	25,524350	-2,224656	-9,143550	25,822425	9,647163	23,782451	36,422683	9,629592	25,182850	25,006853	5,772565	-0,561063																				
	359,000000	25,398896	-2,234749	-9,137398	25,815612	9,629417	23,797239	36,435718	9,623663	25,168994	25,014461	5,774274	-0,556832																				
	360,000000	25,845373	-2,232347	-9,124255	25,819537	9,644671	23,795646	36,466813	9,625608	25,187601	25,027276	5,775982	-0,556832																				
	361,000000	25,677807	-2,249869	-9,170836	25,826735	9,633047	23,781433	36,467329	9,649143	25,181933	25,007253	5,772565	-0,560005																				
	362,000000	25,712702	-2,256269	-9,155101	25,834933	9,633609	23,802488	36,478960	9,630088	25,182688	25,020003	5,774274	-0,556832																				
	363,000000	25,454642	-2,251774	-9,161342	25,833105	9,632377	23,796197	36,485520	9,623962	25,184215	25,024407	5,775982	-0,558948																				
	364,000000	25,531322	-2,264195	-9,161736	25,835674	9,651368	23,796940	36,491801	9,620189	25,187401	24,989792	5,775982	-0,557890																				
	365,000000	25,371029	-2,265284	-9,158548	25,869776	9,637800	23,795632	36,502618	9,622935	25,197023	24,999567	5,770856	-0,560005																				
	366,000000	25,461611	-2,275969	-9,127091	26,264700	9,653479	23,790935	36,531909	9,630207	25,167619	25,008880	5,770856	-0,557890																				
	367,000000	25,371029	-2,267519	-9,148468	26,723518	9,666787	23,795525	36,533400	9,635124	25,179139	25,003463	5,775982	-0,558948																				
	368,000000	25,489492	-2,273010	-9,157968	27,060377	9,653736	23,794230	36,547675	9,628953	25,176090	25,002078	5,770856	-0,558948																				
	369,000000	25,587111	-2,266499	-9,134595	27,286020	9,650089	23,793195	36,533414	9,629857	25,165143	24,999707	5,767439	-0,558948																				
	370,000000	25,440704	-2,255492	-9,147524	27,472352	9,620568	23,792828	36,557531	9,642409	25,160780	25,002504	5,772565	-0,558948																				
	371,000000	25,691764	-2,220272	-9,133066	27,628053	9,666025	23,805222	36,557782	9,635122	25,170977	25,007536	5,772565	-0,558948																				
	372,000000	25,412831	6,560941	-9,134411	27,839490	9,673089	23,790096	36,571672	9,626295	25,173840	24,988190	5,764022	-0,557890																				
	373,000000	25,545268	8,568141	-9,148796	27,980575	9,669412	23,796082	36,571051	9,647537	25,192945	24,995043	5,774274	-0,556832																				
	374,000000	25,796482	8,035197	-9,155594	28,108278	9,685652	23,791328	36,565790	9,625570	25,184540	25,003053	5,772565	-0,561063																				
	375,000000	25,824418	8,063858	-9,170436	28,173627	9,691394	23,778339	36,581350	9,631272	25,175772	25,017161	5,774274	-0,557890																				
	376,000000	25,559214	8,106739	-9,157757	28,207013	9,681549	23,798028	36,600960	9,625267	25,169816	24,987526	5,774274	-0,558948																				
	377,000000	25,733643	7,793644	-9,181767	28,171041	9,679300	23,789798	36,602836	9,628314	25,174626	25,018090	5,770856	-0,557890																				
	378,000000	25,747605	7,590149	-9,180066	28,092864	9,690117	23,803703	36,597102	9,633021	25,179580	24,984890	5,770856	-0,558948																				
	379,000000	25,747605	7,490888	-9,128604	28,021111	9,689007	23,776701	36,554645	9,630033	25,181599	25,005392	5,772565	-0,557890																				
	380,000000	25,740624	7,460257	-9,172353	27,980596	9,692167	23,783512	36,561043	9,644486	25,175367	25,006479	5,769148	-0,557890																				
	381,000000	25,510406	7,344050	-9,179030	27,933517	9,671049	23,779982	36,568210	9,634830	25,170271	24,989890	5,772565	-0,557890																				
	382,000000	25,475551	7,214839	-9,159663	27,927686	9,675196	23,775198	36,557835	9,646114	25,180998	24,993940	5,770856	-0,558948																				
	383,000000	25,350133	7,512423	-9,146377	27,917899	9,654336	23,781783	36,585573	9,648030	25,163808	24,985988	5,774274	-0,560005																				
	384,000000	25,405863	7,385445	-9,148238	28,004259	9,637061	23,770587	36,599065	9,644454	25,169188	25,006860	5,774274	-0,557890																				
	385,000000	25,649895	8,038869	-9,160642	28,028139	9,616322	23,786771	36,579632	9,640833	25,181565	24,978347	5,772565	-0,558948																				
	386,000000	25,656872	7,554970	-9,161581	27,903466	9,619937	23,783671	36,575759	9,650835	25,170038	25,000685	5,774274	-0,560005																				
	387,000000	25,747605	7,360079	-9,146044	27,761099	9,642286	23,777506	36,556119	9,639836	25,173890	25,004979	5,770856	-0,557890																				
	388,000000	25,831403	7,322217	-9,159009	27,623789	9,618083	23,770542	36,526666	9,652011	25,162872	25,007102	5,770856	-0,556832																				
	389,000000	25,412831	7,243149	-9,161557	27,445503	9,616168	23,766986	36,507808	9,644075	25,179718	25,006524	5,772565	-0,557890																				
	390,000000	25,371029	7,180908	-9,168457	27,274364	9,626226	23,771971	36,490990	9,646896	25,169133	24,983408	5,770856	-0,557890																				
	391,000000	25,573162	7,113412	-9,172168	27,059430	9,618796	23,777903	36,498172	9,657245	25,176472	24,992956	5,767439	-0,556832																				
	392,000000	25,489492	7,082376	-9,169142	26,863592	9,630525	23,765570	36,474113	9,638718	25,187089	24,992709	5,772565	-0,555775																				
	393,000000	25,754587	7,062728	-9,174007	26,631521	9,626377	23,784434	36,453821	9,653080	25,170967	24,987364	5,772565	-0,557890																				
	394,000000	25,719682	7,102209	-9,143917	26,470427	9,612064	23,775031	36,462437	9,656595	25,161825	24,999571	5,770856	-0,555775																				
	395,000000	25,656872	7,154244	-9,144087	26,333666	9,630342	23,746889	36,477629	9,631747	25,165653	24,991476	5,774274	-0,558948																				
	396,000000	25,670828	7,176136	-9,168672	26,244095	9,611182	23,766606	36,476727	9,625169	25,174600	24,971083	5,767439	-0,558948																				
	397,000000	25,545268	7,191600	-9,181217	26,165326	9,635963	23,745386	36,490486	9,645249	25,169240	24,994169	5,772565	-0,558948																				
	398,000000	25,740624	7,194655	-9,184222	26,126480	9,615694	23,756896	36,502545	9,656051	25,181015	24,986919	5,772565	-0,558948																				
	399,000000	25,489492	7,228618	-9,151659	26,059598	9,616393	23,748982	36,506919	9,656744	25,158084	25,000716	5,769148	-0,560005																				
	400,000000	25,398896	7,237521	-9,160472	26,030795	9,619948	23,742488	36,511116	9,641416	25,163754	24,997725	5,769148	-0,557890																				
	401,000000	25,642918	7,230106	-9,164143	26,005632	9,626527	23,760782	36,512712	9,627581	25,184249	24,994579	5,772565	-0,558948																				
	402,000000	25,440704	7,244438	-9,175606	25,999089	9,610087	23,756951	36,517411	9,620309	25,170112	24,967475	5,772565	-0,557890																				
	403,000000	25,461611	7,222416	-9,171425	25,983604	9,622029	23,754463	36,543435	9,639711	25,160848	24,992872	5,772565	-0,558948																				
	404,000000	25,503434	7,244378	-9,177972	25,982715	9,615237	23,739306	36,535721	9,639379	25,162564	25,004315	5,774274	-0,558948																				
	405,000000	25,308346	7,249402	-9,185133	25,980422	9,626359	23,749027	36,556513	9,650422	25,184493	25,002054	5,772565	-0,557890																				
	406,000000	25,684785	7,239467	-9,159514	25,979153	9,609843	23,753302	36,525671	9,636286	25,170329	24,996417	5,769148	-0,558948																				
	407,000000	25,782516	7,256013	-9,153067	25,996169	9,634396	23,741225	36,531449	9,638790	25,168459	24,994897	5,770856	-0,556832																				
	408,000000	25,510406	7,278028	-9,170134	25,999757	9,617303	23,731514	36,512237	9,648219	25,157681	24,992698	5,772565	-0,556832																				
	409,000000	25,698743	7,277760	-9,172785	26,010647	9,628151	23,761772	36,516508	9,655596	25,172400	24,985586	5,772565	-0,555775																				
	410,000000	25,810449	7,288554	-9,191543	26,001707	9,619460	23,745706	36,518769	9,635274	25,169051	24,996449	5,772565	-0,558948																				
	411,000000	25,433735	7,308596	-9,169828	26,011471	9,631736	23,737789	36,542902	9,650859	25,158601	24,998198	5,770856	-0,558948																				
	412,000000	25,454642	7,325835	-9,172012	26,039462	9,633195	23,728277	36,544320	9,635334	25,171263	24,993751	5,774274	-0,561063																				
	413,000000	25,621988	7,334774	-9,189343	26,029887	9,609766	23,740645	36,521163	9,633946	25,183710	24,987184	5,767439	-0,558948																				
	414,000000	25,719682	7,354383	-9,162357	26,027561	9,632328	23,718851	36,477345	9,650692	25,188756	24,994402	5,772565	-0,558948																				
	415,000000	25,566188	7,372964	-9,170966	26,056058	9,640624	23,730222	36,482827	9,646106	25,178571	24,996039	5,774274	-0,557890																				
	416,000000	25,475551	7,390570	-9,164468	26,063851	9,634303	23,748091	36,487763	9,645864	25,161819	24,991957	5,774274	-0,556832																				
	417,000000	25,552241	7,393474	-9,183783	26,069268	9,632951	23,742821	36,481275	9,642259	25,161463	25,002817	5,774274	-0,557890																				
	418,000000	25,754587	7,425471	-9,165246	26,052962	9,625613	23,745614	36,464162	9,637989	25,162469	25,001936	5,770856	-0,556832																				
	419,000000	25,364064	7,443224	-9,175313	26,065011	9,637661	23,721115	36,475512	9,632226	25,163464	24,999904	5,772565	-0,555775																				
	420,000000	25,733643	7,467143	-9,178614	26,068697	9,629016	23,744097	36,460452	9,654192	25,159789	24,995220	5,770856	-0,557890																				
	421,000000	25,398896	7,480449	-9,172779	26,063975	9,634349	23,732477	36,461575	9,659110	25,168252	24,983084	5,772565	-0,561063																				
	422,000000	25,503434	7,526383	-9,152280	26,078788	9,640502	23,746880	36,445761	9,649756	25,166916	24,994090	5,772565	-0,558948																				
	423,000000	25,538295	7,532933	-9,183300	26,067535	9,620522	23,738849	36,472142	9,646890	25,177788	24,992771	5,770856	-0,558948																				
	424,000000	25,663850	7,542295	-9,181376	26,079810	9,623166	23,729023	36,485797	9,633297	25,152638	24,993853	5,772565	-0,558948																				
	425,000000	25,719682	7,558078	-9,178229	26,067343	9,597109	23,728655	36,491118	9,637596	25,170255	24,984168	5,774274	-0,560005																				
	426,000000	25,503434	7,567915	-9,158801	26,055877	9,624564	23,749854	36,508586	9,646000	25,187137	24,990285	5,772565	-0,557890																				
	427,000000	25,580136	7,605918	-9,167875	26,045851	9,615174	23,746581	36,515340	9,635922	25,181455	24,991740	5,772565	-0,555775																				
	428,000000	25,754587	7,620567	-9,193039	26,039871	9,637281	23,759431	36,512088	9,638260	25,185611	24,988544	5,772565	-0,557890																				
	429,000000	25,503434	7,641438	-9,197792	26,034715	9,605131	23,742002	36,484881	9,642922	25,174293	24,994926	5,772565	-0,557890																				
	430,000000	25,482522	7,664360	-9,180742	26,039342	9,616937	23,755934	36,511143	9,643707	25,179766	24,976901	5,772565	-0,558948																				
	431,000000	25,817433	7,682443	-9,168194	26,011274	9,618806	23,729812	36,501877	9,647448	25,188578	24,996123	5,770856	-0,557890																				
	432,000000	25,566188	7,719038	-9,174010	26,018642	9,598932	23,744289	36,484763	9,643556	25,177411	24,990105	5,774274	-0,558948																				
	433,000000	25,789499	7,716163	-9,172825	26,026402	9,600345	23,745830	36,473945	9,635153	25,174049	24,985549	5,772565	-0,557890																				
	434,000000	25,705723	7,747276	-9,169586	26,039325	9,601713	23,738509	36,458649	9,656877	25,176268	24,982288	5,770856	-0,556832																				
	435,000000	25,796482	7,757939	-9,172012	26,049120	9,583693	23,736919	36,454422	9,637853	25,178417	24,995121	5,772565	-0,557890																				
	436,000000	25,545268	7,761383	-9,194424	26,042378	9,600923	23,746407	36,433495	9,639121	25,192819	24,975895	5,772565	-0,558948																				
	437,000000	25,670828	7,795083	-9,147565	26,048335	9,602655	23,747978	36,430377	9,644990	25,184454	24,980902	5,767439	-0,557890																				
	438,000000	25,398896	7,792443	-9,165847	26,038816	9,578618	23,732625	36,380023	9,626780	25,170647	24,982093	5,770856	-0,560005																				
	439,000000	25,789499	7,816951	-9,175083	26,047213	9,586565	23,742030	36,348217	9,636179	25,170929	24,979907	5,772565	-0,556832																				
	440,000000	25,440704	7,834478	-9,178218	26,039684	9,593646	23,736279	36,305222	9,666217	25,166659	24,984890	5,767439	-0,558948																				
	441,000000	25,412831	7,852557	-9,159024	26,043323	9,574957	23,724769	36,277065	9,635968	25,178280	24,979005	5,770856	-0,555775																				
	442,000000	25,615012	7,874671	-9,178469	26,045218	9,584058	23,741497	36,275941	9,625015	25,196455	24,973311	5,769148	-0,557890																				
	443,000000	25,740624	7,882314	-9,167136	26,042370	9,578087	23,724547	36,299694	9,641717	25,172819	24,989245	5,774274	-0,555775																				
	444,000000	25,559214	7,883977	-9,157420	26,044096	9,583618	23,724438	36,295467	9,631744	25,187359	24,994315	5,772565	-0,556832																				
	445,000000	25,608036	7,920119	-9,160788	26,027283	9,589423	23,720422	36,303331	9,622421	25,176699	24,985768	5,772565	-0,557890																				
	446,000000	25,510406	7,922759	-9,182491	26,000089	9,586247	23,721850	36,296547	9,651705	25,189382	24,968219	5,769148	-0,557890																				
	447,000000	25,649895	7,959711	-9,171814	25,983530	9,593738	23,729203	36,334872	9,630855	25,175393	24,999278	5,772565	-0,555775																				
	448,000000	25,566188	7,956845	-9,179745	25,975043	9,563760	23,717298	36,346726	9,641823	25,185894	24,989403	5,772565	-0,558948																				
	449,000000	25,761569	7,977846	-9,189094	25,968217	9,590213	23,712627	36,382804	9,638670	25,177523	24,987747	5,772565	-0,557890																				
	450,000000	25,566188	7,980127	-9,154489	25,956383	9,585594	23,711974	36,414890	9,637101	25,177312	24,980114	5,772565	-0,556832																				
	451,000000	25,468581	7,989085	-9,173224	25,910865	9,598981	23,712863	36,436410	9,633798	25,175556	24,982514	5,769148	-0,556832																				
	452,000000	25,545268	8,005050	-9,180752	25,858102	9,586233	23,722550	36,441745	9,623780	25,172575	24,992801	5,772565	-0,558948																				
	453,000000	25,454642	8,035590	-9,169458	25,858051	9,597796	23,711386	36,465184	9,611499	25,184174	24,990319	5,775982	-0,555775																				
	454,000000	25,719682	8,052272	-9,171875	25,828342	9,599513	23,709536	36,443578	9,621503	25,181894	24,997322	5,772565	-0,555775																				
	455,000000	25,824418	8,068776	-9,181021	25,804728	9,586021	23,687173	36,436736	9,612632	25,176445	24,996352	5,765731	-0,557890																				
	456,000000	25,670828	8,063768	-9,167612	25,829154	9,591142	23,703874	36,451323	9,626014	25,188791	24,995388	5,769148	-0,557890																				
	457,000000	25,566188	8,068177	-9,166509	25,841526	9,604984	23,713589	36,437076	9,634855	25,188032	25,007552	5,769148	-0,557890																				
	458,000000	25,552241	8,092807	-9,183991	25,834928	9,598253	23,696556	36,454176	9,627041	25,172153	24,991232	5,772565	-0,557890																				
	459,000000	25,538295	8,089071	-9,178253	25,850025	9,607872	23,695874	36,462423	9,625276	25,174317	24,993810	5,772565	-0,557890																				
	460,000000	25,475551	8,100910	-9,181237	25,876748	9,565419	23,689152	36,471009	9,626498	25,168629	24,991265	5,772565	-0,558948																				
	461,000000	25,308346	8,128490	-9,171784	25,890803	9,590156	23,705197	36,462556	9,626544	25,174725	24,991562	5,774274	-0,555775																				
	462,000000	25,538295	8,133582	-9,184086	25,885418	9,591265	23,691610	36,430383	9,606901	25,174258	24,997555	5,774274	-0,556832																				
	463,000000	25,496463	8,154020	-9,177388	25,917441	9,571027	23,700243	36,435822	9,626031	25,166655	24,987168	5,769148	-0,555775																				
	464,000000	25,426767	8,156121	-9,166003	25,902068	9,577120	23,701387	36,446921	9,601530	25,180873	24,993052	5,772565	-0,557890																				
	465,000000	25,538295	8,164337	-9,188627	25,912002	9,574279	23,682157	36,428270	9,616060	25,185511	24,991296	5,770856	-0,555775																				
	466,000000	25,545268	8,174197	-9,168459	25,909269	9,605640	23,683471	36,424413	9,615517	25,177333	25,005814	5,772565	-0,555775																				
	467,000000	25,510406	8,199012	-9,179001	25,912911	9,601812	23,693075	36,450617	9,591724	25,161077	24,989490	5,772565	-0,557890																				
	468,000000	25,552241	8,196184	-9,170409	25,911334	9,588487	23,688149	36,426941	9,602256	25,165061	24,990114	5,772565	-0,554717																				
	469,000000	25,426767	8,217981	-9,185595	25,922961	9,585525	23,701743	36,425907	9,597428	25,181628	24,975178	5,765731	-0,561063																				
	470,000000	25,824418	8,218500	-9,166530	25,917210	9,591329	23,678155	36,421946	9,608472	25,184755	24,984822	5,770856	-0,557890																				
	471,000000	25,712702	8,233183	-9,171771	25,922543	9,577245	23,685394	36,418962	9,622776	25,176412	24,990042	5,770856	-0,558948																				
	472,000000	25,656872	8,246622	-9,174339	25,927540	9,596344	23,685254	36,408720	9,617224	25,187079	24,975580	5,769148	-0,556832																				
	473,000000	25,357098	8,254784	-9,185863	25,933411	9,584569	23,687850	36,403917	9,603646	25,173128	24,992221	5,772565	-0,558948																				
	474,000000	25,482522	8,277813	-9,180367	25,926277	9,583931	23,686201	36,406991	9,601504	25,171424	25,005517	5,769148	-0,556832																				
	475,000000	25,621988	8,291132	-9,184150	25,932288	9,587943	23,671899	36,414958	9,599452	25,180663	24,993980	5,772565	-0,557890																				
	476,000000	25,621988	8,304809	-9,180293	25,939345	9,596163	23,670136	36,408175	9,601957	25,176396	24,972907	5,769148	-0,557890																				
	477,000000	25,468581	8,318772	-9,186516	25,947274	9,596088	23,685922	36,427314	9,612821	25,176341	24,971329	5,770856	-0,554717																				
	478,000000	25,677807	8,307482	-9,188133	25,931309	9,602530	23,670169	36,393307	9,597718	25,199037	24,964142	5,767439	-0,554717																				
	479,000000	25,615012	8,330022	-9,193949	25,956650	9,583128	23,683908	36,394017	9,585241	25,171393	24,979617	5,769148	-0,556832																				
	480,000000	25,468581	8,349554	-9,181421	25,948468	9,586000	23,679349	36,387943	9,604313	25,173210	24,971192	5,767439	-0,556832																				
	481,000000	25,426767	8,367417	-9,173608	25,927200	9,572037	23,674539	36,373253	9,602518	25,177894	24,982798	5,765731	-0,555775																				
	482,000000	25,649895	8,358435	-9,155849	25,943285	9,586305	23,671151	36,403019	9,617440	25,177563	24,980178	5,767439	-0,555775																				
	483,000000	25,733643	8,396723	-9,188863	25,933526	9,593234	23,667593	36,394241	9,590750	25,172765	24,977397	5,767439	-0,558948																				
	484,000000	25,412831	8,399194	-9,198748	25,953080	9,591639	23,663634	36,390842	9,596711	25,179106	24,987643	5,767439	-0,557890																				
	485,000000	25,322274	8,401725	-9,187557	25,949102	9,597930	23,674433	36,413957	9,584098	25,184757	24,969988	5,769148	-0,556832																				
	486,000000	25,566188	8,414887	-9,187362	25,937708	9,596882	23,659222	36,398159	9,606066	25,172501	24,971803	5,769148	-0,558948																				
		25,440704	8,416045	-9,182847	25,924000	9,581537	23,660195	36,388405	9,603276	25,184865	24,983222	5,772565	-0,556832																				
		25,573162																															
